18 494 536 
39 535 
95 257 
39 406 
39 95 257 
532 533 
36 172 
36 48 
431 530 
95 298 
39 95 
39 95 
146 175 
146 175 
146 175 
146 175 
146 175 
146 175 
146 175 
146 175 
146 175 
146 175 
146 175 
146 175 
146 175 
146 175 
146 175 
146 175 
146 175 
146 175 
146 175 
146 175 
146 175 
146 175 
146 175 
146 175 
146 175 
146 175 
146 175 
146 175 
146 175 
146 175 
146 175 
146 175 
146 175 
146 175 
146 175 
146 175 
146 175 
146 175 
146 175 
146 175 
146 175 
146 175 
45 168 
45 494 
45 494 
45 426 
45 426 
36 527 
95 524 525 
45 494 
45 494 
494 523 
45 168 489 
45 168 489 
519 520 
519 520 
45 518 
45 518 
27 34 95 
95 148 
39 95 
18 147 
18 19 36 146 147 514 515 516 517 
39 95 147 
39 95 147 513 
36 147 
27 34 95 
27 34 95 
27 34 95 
39 95 
68 505 
22 27 68 
22 27 34 68 
39 68 505 
147 505 
45 503 
39 81 
39 81 
496 500 
496 497 
95 471 
95 495 
39 57 95 
39 95 
45 494 
39 402 493 
39 95 
45 489 490 491 
45 489 490 491 
45 476 
45 485 
39 95 
39 95 471 
45 482 
39 95 
36 39 146 
476 481 
152 478 
66 152 164 
39 298 
478 479 
39 66 
66 175 
45 476 
24 31 39 94 
39 95 
39 474 
39 95 298 402 
24 34 39 94 152 472 473 
45 471 
39 68 95 298 
39 95 
39 95 470 
24 27 39 
39 48 
39 95 
39 469 
48 468 
34 39 48 94 466 
28 39 
24 27 28 31 34 
24 27 28 344 
24 27 28 344 
27 28 39 40 95 441 
39 94 
31 237 
27 31 34 37 
24 37 39 
27 37 
36 37 
27 31 34 37 
37 39 
27 31 37 
27 34 37 
37 39 
37 39 
37 39 
37 39 
37 39 
1 39 357 460 
27 31 37 39 246 441 
39 95 
45 457 
28 39 
28 37 
24 27 28 31 34 
27 28 31 34 
27 28 34 
27 28 31 34 
27 28 31 34 
22 24 27 28 31 34 
22 24 27 28 31 34 
24 27 28 31 34 
24 27 28 31 34 
24 27 28 34 
24 27 28 34 
24 27 28 34 
24 28 31 34 
24 27 28 31 34 
24 28 31 34 
24 28 31 34 
24 28 34 
24 28 34 
24 28 31 34 
24 28 31 34 
24 28 34 
24 28 34 
24 28 34 
24 28 34 
24 28 31 
24 28 31 
22 24 28 
22 24 27 28 
24 28 31 
22 24 27 28 
24 28 31 
22 24 27 28 31 
28 39 40 
28 39 40 
24 27 28 31 32 
27 28 32 
28 39 
28 357 
28 39 
28 39 
28 39 
28 39 
24 27 28 34 
24 27 28 
24 27 28 
22 24 27 28 
22 24 27 28 34 
24 28 34 
22 24 28 34 
22 24 28 34 
24 28 31 34 
24 28 34 
22 24 28 31 34 
22 24 28 34 
28 39 40 
28 39 
28 39 
28 39 
28 39 
28 147 
28 39 
24 27 28 344 
24 27 28 32 
24 27 28 
24 27 28 
27 28 
24 27 28 
22 24 27 28 
28 39 
28 39 
28 39 
28 39 
28 39 
28 39 
28 34 
22 24 27 28 
28 34 
24 28 34 
24 27 28 34 
24 27 28 34 
22 24 27 28 34 
24 27 28 34 
24 27 28 34 
22 24 27 28 31 34 
24 27 28 34 
24 27 28 34 
28 39 
24 27 28 31 34 
24 27 28 34 
24 27 28 34 
24 27 28 34 
24 27 28 34 
24 27 28 34 
24 27 28 34 
22 24 27 28 31 34 
24 27 28 34 
24 27 28 34 
24 27 28 34 
22 24 27 28 31 
24 27 28 34 
24 27 28 34 
24 27 28 31 34 
24 27 28 34 
24 27 28 34 
22 24 27 28 
24 27 28 
24 27 28 
24 27 28 
24 27 28 
24 27 28 344 
24 27 28 
24 27 28 32 
28 39 
28 39 
24 27 28 34 
22 24 27 28 34 
24 27 28 
22 24 27 28 
28 39 
203 434 
455 456 
27 31 39 44 
39 402 
39 95 
28 37 39 40 
28 39 
39 94 
39 48 
34 39 94 454 
39 94 153 
45 451 
68 168 
68 168 
39 68 137 
39 68 137 
445 446 
22 24 27 31 34 444 
24 27 34 444 
22 24 27 31 34 444 
22 24 27 31 34 444 
22 24 27 31 34 444 
22 24 27 31 34 444 
24 27 34 444 
22 24 27 31 34 444 
22 24 27 34 444 
22 24 27 31 34 444 
22 24 27 31 34 444 
22 24 27 31 34 444 
22 24 27 31 34 444 
22 24 27 31 34 444 
22 24 27 31 34 444 
24 27 31 32 34 444 
22 24 27 31 34 444 
22 24 27 31 34 444 
22 24 27 31 34 444 
24 27 34 444 
24 27 31 34 444 
22 24 27 34 444 
22 24 27 34 444 
22 24 27 34 444 
22 24 27 34 444 
22 24 27 34 444 
22 24 27 34 444 
22 24 27 34 444 
24 27 32 34 444 
22 24 27 34 444 
22 24 27 34 444 
22 24 27 34 444 
24 27 32 34 444 
22 24 27 34 444 
22 24 27 34 444 
22 24 27 34 444 
22 24 27 34 444 
22 24 27 34 444 
22 24 27 34 444 
22 24 27 34 44 444 
22 24 27 34 44 444 
22 24 27 34 444 
22 24 27 31 34 444 
22 24 27 31 34 444 
22 24 27 31 34 444 
22 24 27 31 34 444 
22 24 27 34 444 
22 24 27 31 34 444 
22 24 27 31 34 444 
22 24 27 34 444 
27 31 34 444 
22 24 27 34 444 
27 34 444 
27 34 444 
27 34 444 
27 34 444 
27 34 444 
27 34 444 
24 27 32 34 444 
27 34 444 
22 24 27 31 34 444 
22 24 27 34 444 
22 24 27 34 444 
22 27 32 34 444 
27 34 444 
27 34 444 
27 34 444 
27 34 444 
27 34 444 
24 27 31 34 444 
27 34 444 
27 34 444 
27 34 444 
24 27 34 444 
27 34 444 
24 27 31 34 444 
27 34 444 
27 34 444 
27 34 444 
22 24 27 34 444 
27 31 34 444 
27 31 34 444 
27 34 444 
27 34 444 
22 24 27 31 34 444 
27 31 34 444 
27 31 34 444 
27 31 34 444 
27 31 34 444 
27 31 34 444 
22 24 27 31 34 444 
22 27 31 34 444 
27 31 34 444 
22 27 31 34 444 
22 27 31 444 
27 31 34 444 
27 34 444 
27 31 34 444 
22 24 27 34 44 444 
22 24 27 34 44 444 
22 24 27 34 44 444 
24 27 31 34 444 
24 27 31 34 444 
24 27 31 34 444 
24 27 31 34 444 
24 27 31 34 444 
24 27 31 34 444 
22 24 27 31 34 444 
22 24 27 31 34 444 
27 31 34 444 
24 27 34 444 
22 24 34 444 
22 24 31 34 444 
22 24 27 34 444 
22 24 27 34 444 
22 24 27 34 444 
22 24 27 34 444 
27 34 444 
22 24 34 444 
22 24 27 31 444 
22 24 31 444 
27 31 444 
22 24 27 31 444 
27 31 444 
31 444 
31 444 
27 31 444 
27 31 444 
27 44 444 
24 27 32 44 444 
22 24 27 44 444 
24 27 31 444 
24 31 444 
27 31 444 
27 31 32 444 
22 27 31 444 
31 444 
22 27 31 444 
27 31 444 
27 31 444 
27 31 444 
27 31 444 
27 31 444 
27 31 444 
27 31 444 
27 31 444 
27 31 444 
27 31 444 
27 31 444 
27 31 444 
22 27 31 444 
27 31 444 
22 27 31 444 
22 27 31 444 
27 31 444 
27 31 444 
27 44 444 
22 27 44 444 
22 27 44 444 
27 31 444 
27 31 444 
27 31 32 444 
27 31 444 
27 31 444 
27 31 444 
27 31 444 
27 31 444 
27 31 32 444 
27 31 444 
22 27 31 444 
27 31 32 444 
22 27 31 444 
22 31 444 
22 27 31 444 
27 31 32 444 
27 31 32 444 
22 27 31 444 
27 31 32 444 
22 27 31 444 
27 31 444 
22 27 31 444 
27 31 444 
27 31 444 
22 27 31 444 
22 27 31 444 
22 27 31 444 
22 27 44 444 
27 32 44 444 
22 27 44 444 
22 27 44 444 
32 34 444 
27 31 444 
27 31 444 
31 444 
27 31 32 444 
27 31 444 
22 27 28 444 
27 28 444 
27 28 444 
27 31 444 
22 27 31 444 
22 27 31 444 
27 31 444 
27 31 444 
27 31 444 
27 31 444 
22 27 31 444 
22 27 31 444 
27 31 444 
27 31 444 
24 27 444 
27 31 444 
22 27 31 444 
24 27 444 
22 27 31 444 
22 27 31 444 
22 27 31 444 
22 27 44 444 
22 24 27 44 444 
22 24 27 44 444 
22 24 27 44 444 
27 31 444 
27 31 444 
27 31 444 
27 31 444 
27 31 444 
27 31 444 
27 28 31 444 
27 28 444 
22 27 28 444 
22 27 31 444 
22 27 31 444 
22 27 31 444 
27 31 444 
22 27 31 444 
22 27 31 444 
22 27 31 444 
22 27 31 444 
22 27 31 444 
22 27 31 444 
22 27 31 444 
27 31 444 
27 31 444 
24 27 444 
27 31 444 
27 31 32 444 
22 27 31 444 
22 27 44 444 
22 27 44 444 
22 24 27 444 
22 27 44 444 
27 31 444 
22 27 31 444 
27 31 444 
22 27 31 444 
22 27 31 444 
22 27 31 444 
27 28 31 32 444 
22 27 28 31 444 
22 27 28 31 444 
22 27 31 444 
27 31 444 
22 27 31 444 
22 27 31 444 
22 27 31 444 
22 27 31 444 
22 27 31 444 
22 27 31 444 
22 27 31 444 
22 27 31 444 
22 27 31 444 
27 31 444 
22 27 31 444 
27 31 444 
22 27 31 444 
22 27 31 444 
22 27 31 444 
27 31 444 
22 27 31 444 
27 44 444 
22 24 27 34 444 
22 27 44 444 
22 27 31 444 
27 31 444 
22 27 31 444 
22 27 31 444 
27 31 32 444 
22 27 31 444 
27 28 444 
27 28 31 444 
27 28 31 32 444 
31 444 
22 27 31 444 
27 31 444 
27 31 444 
27 31 444 
22 27 31 444 
31 444 
31 444 
31 444 
27 31 444 
27 31 444 
27 31 444 
22 31 444 
22 31 444 
31 444 
27 31 444 
27 31 444 
27 31 32 444 
27 44 444 
22 24 27 444 
22 24 27 444 
24 27 444 
24 27 31 444 
24 27 444 
24 27 444 
24 27 444 
24 27 32 444 
24 27 32 444 
22 24 27 444 
22 24 27 444 
22 24 27 444 
24 27 444 
22 24 27 444 
24 27 444 
22 24 27 444 
24 27 444 
24 27 444 
22 24 27 444 
22 24 27 444 
22 24 27 444 
24 27 444 
24 27 32 444 
22 24 27 444 
22 24 27 444 
24 27 32 444 
24 27 444 
22 24 27 444 
24 27 444 
24 444 
22 24 27 444 
24 444 
22 24 27 444 
22 24 27 444 
24 444 
22 24 27 444 
24 27 444 
24 444 
24 444 
24 444 
22 24 27 444 
24 444 
24 27 444 
22 24 27 444 
22 24 27 444 
24 27 444 
24 27 444 
24 27 444 
24 27 444 
24 444 
24 444 
22 24 27 68 
68 137 
39 68 137 
68 137 209 
34 39 94 334 
22 24 27 34 443 
24 27 39 
31 34 41 
34 39 94 441 442 
39 406 
22 24 27 31 34 406 
39 406 
24 39 94 
22 39 
39 95 
39 95 
433 434 
39 153 
39 128 
39 128 
35 39 169 
39 96 
39 46 
22 31 35 39 94 341 
45 57 
39 94 
39 46 
39 46 
3 39 46 94 
39 128 
35 39 46 
35 39 
22 27 34 187 
22 27 34 187 
24 27 34 187 
27 34 187 
22 24 27 31 34 187 
34 187 
24 34 187 
22 24 27 31 34 187 
24 27 34 187 
24 27 34 187 
22 27 34 187 
22 27 34 187 
22 27 34 187 
1 187 274 
24 34 187 
1 187 274 
22 27 34 187 
1 187 274 
22 27 34 187 
1 187 274 
22 24 27 31 34 187 
1 187 274 
22 24 27 31 34 187 
1 187 274 
22 27 34 187 
22 27 34 187 
22 27 34 187 
24 31 34 187 
22 27 31 34 187 
22 27 31 34 187 
22 27 31 34 187 
22 27 31 34 187 
22 27 31 34 187 
22 27 31 34 187 
22 27 31 34 187 
22 27 34 187 
3 39 
1 39 128 
28 35 
28 35 
24 28 
11 35 39 172 
3 96 284 
35 39 
35 39 
35 39 
11 28 39 40 66 68 337 338 339 
39 60 
76 95 
60 160 
39 128 
39 128 
39 48 
39 94 
35 60 
22 35 60 94 
3 39 
3 11 22 39 94 326 335 
35 39 48 94 
35 39 
3 22 24 25 27 31 32 34 183 
3 24 25 26 27 31 34 
3 39 
27 35 39 326 
39 46 
3 96 284 
35 39 
24 25 27 32 34 37 39 
1 28 35 39 46 59 68 152 274 334 
39 60 
39 94 
35 39 
39 231 
24 27 31 34 187 
22 24 27 31 34 187 
22 24 27 34 187 
22 24 27 34 187 
22 24 27 34 187 
22 24 27 34 187 
24 27 32 34 187 
22 24 27 34 187 
22 24 27 34 187 
22 27 34 187 
22 24 27 34 187 
22 27 34 187 
22 27 34 187 
22 27 34 187 
22 27 34 187 
22 27 34 187 
22 27 34 187 
22 24 27 34 187 
24 34 187 
22 24 27 34 187 
22 24 27 31 34 187 
22 24 27 34 187 
22 24 27 31 34 187 
22 24 27 31 34 187 
22 24 27 31 34 187 
24 27 31 34 187 
24 27 31 34 187 
24 31 34 187 
22 24 27 31 34 187 
22 24 27 31 34 187 
22 27 34 187 
39 94 326 
39 48 
35 39 
39 60 
1 39 76 
22 35 39 94 326 
3 39 231 
35 39 
1 3 22 35 39 94 290 319 327 328 329 330 331 332 
46 60 
39 326 
1 11 39 48 68 147 227 228 
39 60 190 
39 60 
28 39 
39 231 
35 60 172 
60 68 
35 60 146 175 190 
60 175 
24 25 27 28 31 32 34 35 
35 231 
3 24 25 27 28 32 34 225 
3 35 48 227 
3 39 76 
3 39 231 
3 231 
1 3 35 39 231 325 
28 35 128 
24 27 31 34 187 
24 27 34 187 
22 24 27 34 187 
22 27 34 187 
22 27 34 187 
24 27 34 187 
24 27 34 187 
24 27 34 187 
22 27 34 187 
22 24 27 34 187 
22 27 34 187 
24 27 34 187 
24 27 34 187 
24 27 34 187 
24 27 34 187 
22 27 34 187 
22 27 34 187 
22 27 34 187 
24 34 187 
22 27 34 187 
22 27 34 187 
22 27 31 34 187 
27 31 34 187 
22 27 31 34 187 
22 27 31 34 187 
22 27 31 34 187 
22 27 31 34 187 
22 27 31 34 187 
22 27 31 34 187 
22 27 34 187 
28 35 40 66 
22 35 48 94 323 324 
3 39 
11 39 76 321 
11 35 76 321 
11 35 40 76 321 
1 11 321 
1 11 
27 35 246 
24 27 35 
35 39 
24 27 35 
24 27 35 
24 27 32 35 
24 27 32 35 
24 27 35 
24 27 32 35 
24 27 34 35 41 
24 27 35 
1 3 322 
1 35 321 
3 96 284 
168 176 
1 11 68 
1 8 68 321 
8 35 146 175 
8 35 146 175 
8 35 146 175 
8 35 146 175 
8 35 146 175 
8 35 146 175 
3 35 
3 35 
3 35 
3 320 
22 27 34 187 
22 27 34 187 
24 34 187 
24 34 187 
22 34 187 
22 27 34 187 
22 27 34 187 
22 27 34 187 
22 27 34 187 
22 27 34 187 
22 27 34 187 
22 27 34 187 
24 34 187 
22 27 34 187 
22 27 34 187 
3 187 
22 27 34 187 
22 27 34 187 
22 24 27 34 187 
22 27 34 187 
22 27 34 187 
24 27 34 187 287 
22 27 34 187 
22 27 31 34 187 
22 27 31 34 187 
22 27 31 34 187 
22 27 31 34 187 
22 27 31 34 187 
24 27 31 34 187 
24 31 34 187 
24 27 34 187 
22 27 34 187 
35 275 
4 146 175 
28 39 76 
3 22 25 27 32 34 44 
3 39 
4 9 319 
24 34 39 
28 35 39 76 275 
3 39 116 
39 76 116 
39 76 89 
3 89 
36 39 76 89 
1 230 
1 39 89 
3 318 
3 39 
3 39 
22 27 31 34 187 
22 27 34 187 
22 27 34 187 
22 27 34 187 
22 27 31 34 187 
22 27 34 187 
22 27 34 187 
22 27 34 187 
22 27 34 187 
22 27 34 187 
22 27 34 187 
24 27 34 187 
24 34 187 
24 27 34 187 
24 27 34 187 
24 27 34 187 
24 27 34 187 
24 34 187 
24 27 34 187 
24 34 187 
24 34 187 
22 27 31 34 187 
22 27 31 34 187 
31 34 187 
31 34 187 
31 34 187 
22 27 31 34 187 
22 27 31 34 187 
22 27 31 34 187 
22 27 34 187 
1 39 48 68 276 
35 39 
4 9 39 40 46 
35 39 48 
27 35 39 48 
1 35 85 
35 211 
35 39 211 
35 146 175 
3 11 
4 35 56 76 116 
4 9 314 
22 27 34 
22 27 34 
22 27 34 
22 27 34 
22 27 34 
24 34 
24 34 
24 27 34 
22 27 34 187 
22 27 34 
22 27 34 187 
24 34 
22 27 34 
24 31 34 
24 27 31 34 
22 27 34 
22 27 34 187 
22 27 34 
22 27 34 187 
22 27 31 34 
22 27 31 34 187 
27 31 34 
22 27 31 34 
22 27 31 34 
22 27 31 34 
22 27 31 34 187 
22 27 34 187 
22 27 34 187 
35 76 
35 76 
35 94 95 
11 19 
35 94 
33 312 
33 312 
3 48 
4 35 
45 281 
3 39 
4 9 311 
3 310 
34 187 
34 187 
22 24 27 34 187 
22 24 27 34 187 
24 27 34 187 
24 34 187 
24 27 34 187 
24 27 34 187 
22 24 27 34 187 
24 27 34 187 
22 24 27 34 187 
22 24 27 34 187 
22 24 27 34 187 
22 27 34 187 
24 34 187 
24 27 34 187 
24 34 187 
22 24 27 34 187 
24 34 187 
24 27 34 187 189 
24 27 34 187 
24 27 34 187 
27 31 34 187 
24 27 31 34 187 
24 27 31 32 34 187 
31 34 187 
27 31 34 187 
24 27 31 34 187 
22 24 27 31 34 187 
27 31 34 187 
24 27 34 187 
24 27 35 
35 40 
3 22 24 25 27 34 
1 35 85 
3 11 35 94 309 
24 25 26 27 28 34 35 
35 160 
35 146 175 
35 308 
35 76 
3 24 25 27 34 43 
3 242 307 
1 28 35 85 
3 35 
3 24 25 27 28 31 246 
3 35 146 175 
3 35 146 175 
3 35 
3 7 35 146 175 
3 7 306 
3 94 287 304 
3 303 
3 24 25 27 28 32 34 
3 7 305 
3 7 
1 3 7 35 85 
3 48 
35 89 304 
3 116 
1 35 68 276 
22 24 27 34 187 
24 34 187 
24 27 34 187 
22 24 27 34 187 
24 34 187 
24 34 187 
24 34 187 
24 27 34 187 
24 34 187 
24 27 34 187 
24 27 34 187 
24 34 187 
24 34 187 
22 24 27 34 187 
24 27 34 187 
24 27 34 187 
24 27 34 187 
24 27 34 187 
24 27 34 187 
22 27 32 34 187 
24 27 34 187 
22 24 27 31 34 187 
24 27 31 34 187 
22 24 27 31 34 187 
22 24 27 31 34 187 
24 27 31 34 187 
24 25 31 34 187 
22 24 27 31 34 187 
22 27 32 34 187 
22 24 27 34 187 
1 3 301 302 303 
35 300 
4 160 
4 9 35 36 298 
4 9 36 298 
4 9 35 175 298 
1 4 9 85 296 
1 3 85 
1 203 
168 176 
35 56 67 
1 3 295 
1 6 35 
1 28 
1 160 
1 68 160 276 
232 294 
94 232 292 
27 232 292 
94 232 292 
3 34 232 246 292 293 
3 146 175 
3 290 291 
1 25 27 
1 25 27 289 
1 84 146 175 
3 190 
3 48 
4 9 288 
35 190 
24 34 
22 24 27 32 34 
22 27 32 34 
24 27 34 
24 27 34 
27 34 
22 24 27 32 34 
24 34 
22 24 25 27 32 34 
24 27 34 
24 34 
22 24 27 32 34 
22 24 27 34 
22 24 27 34 
22 24 27 32 34 
22 24 27 32 34 
22 24 25 27 32 34 
22 24 27 32 34 
24 27 34 
24 27 34 
22 24 25 27 32 34 
22 24 27 32 34 
22 27 31 32 34 173 
22 24 27 31 32 34 
22 24 27 31 34 
25 27 32 34 
22 27 31 32 34 173 
22 24 27 31 32 34 
22 24 25 27 32 34 
22 24 27 31 32 34 
22 24 27 32 34 
4 35 89 
135 168 233 
168 176 
1 233 
168 176 233 
135 168 233 
35 39 
1 35 
3 24 25 27 
3 35 
3 25 27 31 34 
3 76 
1 27 28 32 
1 94 168 
24 27 242 
24 27 242 246 
1 3 85 
3 76 
1 35 85 
1 35 
1 67 
3 27 192 287 
1 12 16 
1 23 35 68 76 94 286 
11 48 68 94 285 
3 12 16 35 56 68 160 245 
1 76 
1 3 11 85 
67 68 160 
3 22 25 27 31 32 34 35 
3 94 96 173 284 
4 9 283 
68 111 
11 68 76 
1 39 68 76 
1 11 201 
68 76 
11 68 
1 146 175 
3 35 
3 11 48 
1 68 
1 30 68 76 
1 56 76 
1 68 76 163 
68 172 
24 25 27 68 
3 22 25 27 32 33 34 68 183 
1 39 68 76 
22 24 27 32 34 187 
24 27 34 187 
22 24 27 34 187 
22 24 27 34 187 
22 24 27 34 187 
22 24 25 27 34 187 
22 24 25 27 34 187 
24 27 34 187 
22 24 27 34 187 
22 24 27 34 187 
22 27 34 187 
22 24 25 27 34 187 
22 24 27 34 187 
24 34 187 
24 34 187 
22 24 25 27 34 187 
22 24 27 34 187 
24 34 187 
22 24 25 27 32 34 187 
22 24 27 34 187 
22 25 27 34 187 
22 24 25 27 34 187 
22 25 27 34 187 
22 24 25 27 32 34 187 
24 25 27 31 34 187 
22 24 25 27 32 34 187 
22 25 27 34 187 
22 25 27 34 187 
22 24 27 34 187 
1 93 
1 68 93 
1 68 93 
1 49 56 68 76 93 
1 68 93 
1 68 93 
1 11 93 
1 68 85 93 
1 3 93 94 168 282 
68 76 
1 4 11 68 
67 68 
1 35 68 
3 35 67 
4 76 
56 76 192 
4 35 
4 76 160 
35 76 
35 56 76 
35 56 
11 49 67 76 
56 76 
1 85 
19 56 76 280 
1 232 
35 56 
3 22 25 27 32 34 35 
1 56 76 
3 24 25 27 35 44 
1 4 224 
19 76 
19 76 
19 76 
11 78 192 
78 192 269 
1 19 
1 35 160 
19 160 
19 160 
35 160 
1 35 
1 4 35 78 278 279 
78 277 
1 22 24 25 26 27 32 34 35 
1 35 78 
4 28 35 
1 78 160 
68 76 
19 76 94 168 
1 4 48 160 
68 192 
1 35 85 
3 25 35 48 68 94 201 
3 68 
25 27 34 68 
76 201 
1 35 
1 35 76 85 89 
1 35 68 276 
76 201 
1 11 
3 4 195 
1 3 35 56 84 
3 56 
35 56 
35 56 68 94 168 
3 56 
35 56 76 
1 4 35 
1 3 35 
1 56 275 
1 11 28 68 147 274 
1 68 93 273 
35 56 
3 35 56 
22 24 25 27 31 32 34 35 
1 56 
3 56 
68 76 
11 12 68 
4 68 
24 27 32 34 35 39 68 
1 146 175 
56 76 
1 3 56 85 
1 3 48 56 76 94 168 
3 35 271 
11 38 270 
3 48 56 68 76 
30 35 
1 11 56 
11 267 
4 9 270 
35 76 
3 22 24 25 27 34 
11 56 
3 56 76 
3 39 
1 66 
3 224 
11 22 24 25 27 32 34 35 
11 22 25 27 31 34 35 37 
3 11 22 24 25 27 31 34 
11 35 
11 35 39 89 
35 76 
11 24 25 27 32 34 35 37 
11 35 49 56 107 
35 49 56 68 192 
11 49 56 68 
11 28 49 68 76 82 128 
24 25 27 28 32 35 83 
3 11 22 24 25 27 28 32 33 35 44 
11 28 214 
1 12 35 49 68 
1 11 15 68 
3 11 22 24 25 27 32 34 213 
11 24 27 212 
4 35 48 211 
4 9 114 
1 3 4 9 68 93 159 162 210 
1 206 
1 11 35 49 56 76 115 
1 4 8 9 50 66 89 90 155 164 176 207 208 209 
1 11 35 39 
3 49 
1 3 146 175 
1 3 20 28 35 39 46 56 66 165 
1 3 20 99 146 175 
35 165 
4 9 66 88 102 
1 12 49 51 56 
1 11 49 56 78 206 
4 9 66 78 
1 35 49 56 85 95 
48 49 56 78 
4 9 205 
1 204 
1 35 94 
1 11 172 203 
11 24 27 28 
11 35 
11 35 49 180 190 
4 9 202 
1 154 
1 11 68 
1 11 
4 9 201 
1 201 
1 12 
1 12 
1 49 77 84 
4 9 199 
12 66 88 197 
4 8 9 66 68 88 197 198 
4 12 195 
11 12 58 68 146 192 
12 193 
12 146 175 
4 9 76 
175 194 
4 9 192 
4 9 175 191 
12 146 175 191 
4 11 12 99 146 175 
1 12 99 146 175 
1 11 35 49 56 76 190 
3 11 22 24 26 27 31 32 33 34 97 
3 11 25 27 32 34 97 
4 9 77 175 
1 3 11 35 39 
1 11 39 46 
1 3 11 22 24 25 27 28 32 34 41 189 
1 4 12 19 35 56 58 115 119 120 188 
1 12 49 56 97 
12 37 
22 25 27 34 173 187 
24 34 38 
24 34 38 
24 27 34 38 
24 27 34 38 
24 34 38 
1 24 27 34 
1 24 34 
3 11 22 24 25 28 31 32 34 182 
28 38 187 
34 187 
34 187 
24 34 38 
24 34 38 
24 34 187 
24 34 187 
24 34 187 
24 25 27 32 34 38 
24 34 187 
24 27 34 187 
34 187 
3 20 187 
24 25 27 34 187 
24 25 32 34 187 
24 25 27 32 34 187 
34 187 
24 34 187 
34 187 
24 34 187 
24 34 187 
24 34 187 
24 34 187 
24 34 187 
24 34 187 
24 27 34 187 
24 27 34 187 
25 34 187 
24 25 27 32 34 187 
25 34 187 
24 34 187 
24 27 38 187 
24 34 187 
11 12 38 
12 24 34 38 
1 146 175 
11 22 30 94 
12 37 68 
4 11 
4 11 
1 4 12 16 28 40 46 58 68 162 169 184 185 186 
4 9 12 16 
1 11 
11 24 25 27 28 31 68 
4 11 66 
3 4 9 20 35 56 
11 55 66 146 175 
11 35 
3 11 22 24 26 27 28 32 34 35 79 
11 22 24 25 27 31 32 34 35 37 183 
11 35 
3 11 22 24 25 27 31 33 34 
3 11 22 24 25 26 27 28 31 34 
11 22 24 25 27 34 35 
3 11 22 24 25 32 34 35 182 
3 11 24 25 27 28 32 34 35 37 
4 35 66 181 
11 24 25 27 28 32 
11 22 24 26 27 32 34 35 37 
11 22 24 27 32 87 179 
11 24 25 27 35 
11 37 
1 11 
1 3 4 11 12 35 55 56 65 66 68 76 78 154 177 178 
1 11 172 
1 176 
1 4 11 
1 11 
1 11 35 49 
1 4 
4 39 
11 30 
1 146 175 
35 39 
24 27 34 35 
24 27 34 35 
11 172 
1 11 
1 24 27 31 32 174 
1 32 94 173 
1 68 172 
1 172 
11 24 26 27 28 32 34 35 
11 22 24 25 26 27 28 31 34 35 
27 32 35 
3 11 22 23 24 25 27 34 35 
3 11 22 24 25 27 32 34 35 
3 11 24 25 27 34 35 
24 25 27 35 
3 11 22 24 25 27 33 34 35 
11 24 25 27 28 32 35 
3 11 22 24 25 27 28 35 171 
1 4 11 18 19 23 25 27 28 33 34 35 36 65 66 88 90 167 168 169 170 
4 11 28 35 39 
1 3 4 11 13 15 19 28 35 39 49 50 53 56 59 68 143 164 165 166 
1 35 49 163 
1 3 7 12 15 28 35 39 46 53 56 68 78 120 140 156 157 158 159 160 161 162 
11 35 45 
28 35 40 45 
35 45 
11 28 35 45 49 83 
11 19 28 35 45 83 95 
3 28 45 49 75 83 
3 11 28 45 49 83 
28 35 45 49 56 83 
11 28 35 39 45 49 83 
19 28 45 83 
11 12 28 35 45 49 68 83 94 
1 11 28 45 49 83 93 
11 28 30 35 45 49 56 83 
27 28 35 45 49 56 83 
3 28 45 49 83 
19 28 45 49 83 
11 28 45 49 56 83 
1 11 28 35 45 49 83 
1 11 28 35 45 49 56 83 
11 28 35 45 49 83 
1 3 6 12 15 35 45 49 58 76 83 92 
1 11 45 49 83 
1 28 35 45 49 83 91 
11 28 35 45 49 76 83 
1 11 28 35 45 49 56 83 90 
11 35 45 49 83 
3 11 45 66 83 88 89 
11 28 45 49 56 83 
3 35 45 49 83 
28 35 45 49 56 83 
11 28 35 45 49 76 83 
11 28 35 45 49 56 83 
1 11 19 28 35 45 65 83 85 
12 28 35 45 49 56 83 87 
1 12 28 35 45 49 75 76 83 
11 45 55 57 69 71 86 
11 28 35 45 49 83 
11 28 45 49 83 
3 28 45 49 83 
28 45 49 56 68 83 
1 12 28 35 45 49 68 83 84 
1 11 12 28 35 45 49 68 83 84 85 
1 2 3 4 11 12 19 23 27 28 30 35 37 39 45 49 56 66 68 69 70 71 72 73 74 75 76 77 78 79 80 81 82 
1 3 11 12 28 35 45 68 
1 11 39 45 67 
11 45 
1 11 45 65 66 
4 11 
1 4 11 64 
45 62 63 
11 12 28 35 46 51 53 54 55 56 57 58 59 60 61 
3 4 8 9 12 35 51 52 
1 3 11 22 24 25 26 27 32 34 35 
1 3 4 35 50 
4 9 
1 19 
11 19 22 24 25 27 32 33 34 
1 11 19 27 48 49 
11 19 
4 9 45 47 
11 28 
28 39 66 
3 19 24 27 38 
24 34 187 
1 11 26 27 28 30 31 35 45 
45 431 
1 11 35 36 45 46 
22 27 34 187 
3 11 19 22 24 25 27 28 44 
1 11 24 25 26 27 28 32 34 35 37 
39 406 
3 24 25 27 28 31 
27 28 32 34 
3 39 128 
22 27 28 34 
3 39 
27 28 34 
1 39 
27 28 32 34 
39 227 
27 28 34 
1 19 24 27 33 34 35 
27 28 34 
1 19 24 27 28 32 38 
22 24 27 28 34 
28 39 
1 11 
22 27 28 34 
28 39 
1 11 19 22 24 25 28 34 35 36 37 
24 27 28 34 
28 39 48 345 
11 19 22 24 25 27 33 34 
24 27 28 32 34 
1 11 25 26 27 28 31 32 
24 27 28 34 
11 28 
22 24 27 28 34 
39 128 
24 27 28 34 
1 19 
28 39 
1 28 35 39 40 46 59 66 76 95 146 164 169 181 271 344 
28 39 
4 11 30 
28 39 
3 22 25 27 28 31 33 34 35 44 
39 46 
1 3 4 5 6 7 8 9 10 
1 4 8 9 11 12 13 14 15 16 17 18 
1 128 
4 9 19 
3 4 7 8 9 20 21 
28 40 95 343 
1 11 19 22 23 24 25 26 27 
28 35 
1 28 35 39 
1 28 
1 11 
39 428 
28 35 
1 28 
39 95 
1 19 23 24 26 27 29 
27 28 34 
22 27 28 34 
11 28 
22 24 27 28 34 
27 28 34 
39 48 94 
24 27 28 34 
19 28 39 346 347 
24 27 28 34 
39 278 
24 27 28 34 
27 28 34 
27 28 34 
3 39 
22 28 34 
1 11 24 26 27 28 31 39 
22 27 28 34 
1 11 28 
27 28 32 34 
28 39 40 
22 27 28 34 
1 11 24 25 27 28 31 
24 27 28 34 
11 28 
1 11 40 
24 27 28 31 34 
1 11 22 23 26 27 28 34 35 41 
28 34 
27 28 34 
22 27 34 187 
1 11 27 42 
22 27 28 34 
135 294 
22 27 34 187 
24 34 187 
22 27 34 187 
28 39 219 
39 94 
24 27 31 34 187 
45 411 
22 27 31 34 187 
22 27 34 187 
11 19 24 25 27 32 33 34 43 
3 35 45 49 83 
11 28 45 83 96 
3 28 45 49 83 
28 35 45 83 
3 35 45 49 83 
28 45 75 83 97 
3 28 35 45 49 76 83 
3 11 35 45 83 
1 3 11 35 45 49 83 84 
11 35 45 49 68 83 88 
11 35 45 83 
28 35 45 49 83 
28 35 45 49 83 
3 28 45 49 83 
3 11 20 28 35 45 49 56 76 83 
3 35 45 49 83 
1 18 35 45 98 99 
1 45 
11 45 
11 12 45 
1 11 35 45 100 
11 37 39 45 
1 4 11 35 45 
1 35 45 
1 35 45 66 99 
28 35 45 49 56 83 101 102 
11 45 49 
3 28 45 49 56 76 83 
3 35 45 49 74 83 94 103 104 
11 12 28 35 45 49 68 83 
11 12 28 35 45 49 68 83 
1 11 22 27 28 30 35 40 45 78 
1 6 11 28 30 35 39 40 45 65 68 74 95 105 106 
11 12 27 28 35 39 45 68 107 
3 28 45 49 56 76 83 
3 11 45 
11 28 35 45 49 56 83 
3 11 35 45 49 83 
11 28 35 45 49 83 
1 11 28 35 45 49 83 84 
3 45 49 83 
1 3 11 45 49 66 83 
1 11 12 15 28 35 45 49 56 58 83 
3 45 49 83 
1 11 35 45 49 69 71 83 84 108 
11 28 35 45 49 83 
3 35 45 49 83 
3 28 45 49 83 
3 11 35 45 49 83 
3 11 28 45 49 83 
3 11 28 35 45 49 83 
12 28 35 45 49 68 83 
1 11 28 35 45 49 76 83 
3 28 35 45 49 83 
3 45 74 83 
11 28 45 49 83 
12 28 35 45 49 68 83 94 
11 28 45 76 83 109 
11 28 35 45 49 83 
3 45 49 83 
11 45 49 83 
35 45 49 83 
3 11 35 45 49 83 
35 45 49 83 
3 11 35 45 49 83 
45 49 75 83 97 
1 4 11 12 27 35 45 48 49 68 83 
3 45 49 83 
3 35 45 49 83 
11 12 35 45 49 56 76 83 
11 28 35 45 49 56 83 
11 12 35 45 49 68 83 
11 45 
28 35 45 49 83 
3 35 45 48 49 83 
3 35 45 83 
3 11 35 45 49 83 
11 35 45 49 56 83 
11 45 
11 35 45 83 
1 11 14 27 28 35 45 83 110 
1 4 11 12 35 39 45 66 83 111 
1 11 35 45 83 
1 11 45 
1 3 4 11 12 15 18 19 28 30 35 36 37 39 40 42 45 46 48 50 56 58 59 60 65 66 67 68 69 76 77 78 81 82 83 95 112 113 114 115 116 117 118 119 120 121 122 123 124 125 126 127 128 129 130 131 132 133 134 135 136 137 138 139 140 141 142 143 144 145 146 147 148 149 150 151 
11 35 45 83 
11 35 45 83 
11 12 35 45 66 83 
11 35 45 83 
1 11 35 45 83 
1 11 26 27 28 30 31 35 45 66 83 
1 11 35 45 83 
1 11 26 27 28 31 35 45 83 
30 35 45 
11 27 35 45 83 152 
1 11 35 45 83 
1 11 25 27 28 35 45 83 
1 11 15 35 45 83 
1 11 45 83 
1 11 35 45 83 
1 11 30 35 45 78 83 153 
11 30 45 
11 35 45 83 
11 35 45 83 
35 45 83 
11 35 45 83 
1 3 11 35 39 45 48 49 68 83 89 154 155 
11 35 45 49 83 
11 12 35 45 49 68 83 
4 11 
1 11 
1 11 
11 45 
1 11 35 39 45 
1 11 25 27 28 31 35 39 40 45 83 
11 35 39 45 83 
11 35 45 83 
35 45 49 83 
28 35 45 49 83 
1 11 35 45 49 56 83 
11 28 35 45 49 83 
11 45 
1 3 12 15 35 45 58 92 
35 45 49 
35 45 
45 104 
1 30 35 45 
1 4 49 115 
1 4 11 22 68 94 173 
1 4 47 
11 12 31 35 49 68 94 215 
35 49 76 
11 49 68 178 
18 28 35 36 39 95 
35 68 
1 4 35 39 56 66 68 93 155 159 162 216 217 
4 9 218 
1 78 178 
11 66 
1 11 78 
45 219 
11 49 56 78 
3 11 27 31 32 42 
11 24 27 28 32 
11 12 48 49 56 78 
11 49 60 
11 35 
11 49 56 78 
1 11 35 
11 78 
11 78 
1 24 25 27 28 31 34 78 
11 49 56 
1 49 56 78 95 169 192 220 
49 56 76 78 
175 221 
4 9 223 
11 49 
11 12 35 40 49 68 78 192 
11 49 
11 49 68 
11 68 
11 24 26 27 31 32 79 
3 11 22 24 25 27 33 34 116 
49 192 
11 49 
1 11 48 49 78 94 192 
1 11 87 94 178 224 
11 87 
11 87 
11 35 
3 11 22 24 25 26 27 28 32 34 83 
3 11 22 24 25 26 27 28 31 34 83 225 
1 11 22 23 24 27 28 32 34 35 83 
11 24 25 27 28 83 
11 22 24 25 34 35 83 182 
11 24 25 27 28 32 44 
3 11 22 24 25 27 28 31 83 
1 11 50 
1 49 56 
1 35 49 
1 49 77 
35 49 167 
11 12 35 49 68 
11 35 
35 49 
1 49 77 
11 28 35 
1 11 12 39 49 51 85 109 
1 11 39 
11 37 
11 35 49 78 94 117 
3 11 39 46 68 95 147 227 228 229 
1 35 49 159 
1 3 11 39 68 
1 12 39 49 68 77 87 89 93 94 192 230 
3 24 25 26 27 28 34 35 
1 11 24 27 28 31 
1 11 36 66 
4 35 
11 35 167 
1 3 4 11 12 19 35 39 46 56 66 68 78 88 90 119 164 167 177 
11 35 49 
11 12 35 49 68 
4 11 35 68 
35 49 
11 19 36 231 
35 49 
11 35 68 
3 49 
4 11 12 18 36 38 46 66 135 142 232 233 234 235 236 237 238 
11 35 
1 11 28 35 
11 49 78 
11 78 
11 49 78 
1 11 12 23 25 27 31 34 36 46 
1 11 203 239 
11 28 46 
11 35 167 
4 11 35 78 
11 35 
4 11 
1 11 
1 11 12 35 48 
1 11 30 240 
4 11 35 78 
3 4 11 78 
1 35 49 85 
1 11 68 240 
11 28 
1 3 11 12 28 36 39 172 219 
11 49 78 241 
3 11 
11 24 27 32 
11 24 27 
11 24 27 
11 24 27 
11 24 27 
11 24 27 
11 24 27 
11 49 68 
242 243 
12 49 77 192 
11 12 35 49 68 
11 24 27 32 
1 12 27 49 68 87 
11 12 35 49 68 
4 66 
11 12 25 35 49 94 
3 22 24 25 27 28 34 35 
49 68 78 245 
1 49 68 
1 11 49 68 78 
22 24 25 27 32 34 35 68 246 
11 12 35 68 166 
3 11 48 
3 24 25 27 28 32 
4 9 95 
1 11 49 68 76 78 90 166 
11 68 78 
11 28 49 56 68 76 
11 68 
4 68 
1 11 49 56 68 76 95 190 207 
1 11 49 68 76 87 88 89 207 247 248 
11 28 
36 66 
11 12 49 66 68 94 155 
11 24 25 27 28 32 34 68 
66 168 
66 168 
249 250 
1 11 12 49 89 247 251 
11 35 
3 11 22 25 27 32 34 
35 49 68 
11 35 49 
1 4 9 67 110 
1 11 49 68 76 110 206 
49 56 
1 146 175 
1 49 56 220 
11 49 56 
1 22 24 25 27 31 32 34 35 37 
1 24 27 31 32 
1 11 12 49 251 
1 66 
1 12 49 85 
1 11 49 56 68 76 248 
1 49 68 252 
1 11 35 49 51 76 108 206 
66 176 209 
19 28 66 68 125 152 176 209 
11 12 35 49 68 76 87 253 
11 12 48 49 68 87 
35 49 
28 35 
1 3 11 12 28 35 39 56 68 162 254 255 256 
4 35 
1 35 
35 68 
1 192 
3 22 24 25 27 28 31 35 
1 49 56 192 
49 56 76 
12 35 49 
3 11 35 37 39 46 60 68 147 229 257 
1 11 
35 49 68 
1 146 175 
49 68 94 168 192 
24 25 27 28 31 68 225 
1 12 49 68 92 
12 35 49 56 58 68 87 192 
12 39 49 56 58 76 192 
1 12 35 58 192 
11 35 49 76 
11 12 35 56 
1 12 49 51 58 76 
1 12 58 
1 203 258 
1 36 
11 146 175 
1 35 119 
11 35 
35 49 
11 49 68 192 
1 11 35 68 192 
11 68 
1 68 162 
1 56 163 192 
68 76 
1 3 4 11 12 66 68 
35 56 76 
3 22 24 25 27 28 33 34 35 
1 35 56 76 
35 146 175 
3 56 
1 35 119 146 175 
1 35 
12 56 
11 28 
35 56 
28 35 56 
56 76 259 
4 11 35 56 94 135 
3 22 24 25 27 31 34 35 
3 56 68 
11 19 35 146 175 
22 24 27 32 35 260 261 
1 11 35 68 
11 35 
28 35 
12 68 
1 12 68 185 
12 68 
4 11 56 68 
12 35 68 
1 35 66 68 146 162 175 
11 22 31 94 173 263 
11 12 56 68 
1 11 
12 35 68 
11 35 76 
11 12 35 68 
68 94 
19 22 24 27 32 34 35 68 
11 12 68 
11 12 31 35 56 68 94 168 264 265 
35 56 68 
11 35 68 
35 68 94 
11 35 56 68 
3 68 
11 25 27 28 
11 35 
35 264 
11 12 56 68 
11 27 35 214 
1 35 
35 56 68 266 
11 28 
11 35 
11 27 35 
11 35 39 56 68 
30 35 
11 39 68 76 
3 146 175 
3 35 267 
1 3 6 11 76 89 224 
11 224 
11 35 68 
11 12 89 
3 11 12 56 
12 35 39 68 
12 39 
11 224 
4 11 35 268 
1 35 56 
35 56 
4 35 46 269 
56 76 
1 11 56 76 84 
1 35 
11 35 56 76 
1 11 35 
4 11 35 48 
1 4 35 
22 27 34 187 
24 27 33 34 35 68 173 187 189 
22 27 32 34 187 
22 25 27 34 187 
22 25 27 34 187 
24 25 27 31 34 187 
22 24 25 27 34 187 
22 24 25 27 34 187 
24 25 32 34 187 
22 24 25 27 34 187 
22 24 27 32 34 187 
24 34 187 
24 34 187 
24 27 34 187 
24 27 34 187 
24 27 34 187 
22 27 32 34 187 
22 24 27 34 187 
22 24 27 34 187 
22 24 27 32 34 187 
22 24 27 32 34 187 
22 24 25 27 34 187 
22 24 27 32 34 187 
22 25 27 34 187 
22 24 27 32 34 187 
22 24 27 34 187 
24 27 34 187 
24 27 34 187 
22 24 27 34 187 
22 27 32 34 187 
22 24 27 32 34 187 
22 27 32 34 187 
3 35 
24 27 34 187 
22 27 34 187 
22 27 34 187 
22 27 34 187 
22 27 34 187 
22 27 34 187 
24 27 34 187 
24 27 34 187 
22 27 34 187 
22 27 34 187 
24 34 187 
22 27 34 187 
22 27 34 187 
22 24 27 34 43 187 
22 24 27 34 187 
24 34 187 
24 34 187 
22 24 27 34 43 187 
22 24 27 34 187 
22 24 27 34 187 
22 24 27 34 187 
22 27 34 187 
28 39 128 
28 39 
39 94 
24 27 39 
39 94 
35 39 95 
1 11 39 48 
39 95 
28 39 
28 39 
35 39 
24 27 39 
28 39 
28 35 128 
28 35 39 
39 94 
28 39 
1 28 39 
28 39 48 
1 28 
28 39 227 
35 201 
35 128 
3 28 160 
1 28 35 
3 35 172 267 269 
39 160 
22 27 34 35 
24 27 34 35 
24 27 34 35 
28 39 160 
46 128 
28 39 
11 46 
22 27 34 35 
24 27 34 35 
27 34 35 
34 35 
31 34 35 
22 27 31 34 35 
22 27 34 35 
22 27 34 35 
22 27 34 35 
3 95 
39 46 
22 27 34 35 
34 35 
39 94 160 
28 39 
27 34 39 
35 39 
22 27 34 35 
35 39 
31 34 35 
28 39 
39 96 
11 39 
34 35 
11 39 
28 39 
11 39 
27 39 
22 27 34 39 
35 39 
35 39 
34 35 
27 34 35 
24 27 34 35 
27 34 35 
35 39 
1 46 
39 46 
35 39 40 
27 34 39 
27 34 39 
27 34 39 
27 34 39 
34 35 
34 35 
34 35 
31 34 35 
22 27 34 35 
39 46 
39 94 
39 48 
24 25 26 27 32 34 39 
39 95 171 
3 39 94 
39 46 
3 39 
39 46 
1 3 19 35 46 
35 39 350 
22 27 34 187 
31 34 187 
34 187 
27 34 187 
27 34 187 
34 187 
27 34 187 
27 34 187 
27 31 34 187 
34 187 
22 27 34 187 
27 34 187 
34 187 
27 34 187 
34 187 
27 34 187 
27 31 34 187 
34 187 
34 187 
27 34 187 
27 31 34 187 
27 31 34 187 
27 34 187 
27 34 187 
34 187 
34 187 
27 31 34 187 
34 187 
35 39 
1 35 180 
39 46 
46 160 
35 46 
28 35 39 267 
28 35 39 40 267 
28 35 40 267 269 
11 41 234 
45 234 
39 46 
28 35 39 227 
28 39 
35 39 
28 35 39 
39 46 
28 39 
28 39 
28 35 39 
28 39 
28 39 
34 39 94 227 
48 227 
39 227 
131 227 
28 227 
28 227 
28 39 
11 39 46 227 
28 39 227 
35 39 227 
39 46 
39 46 
1 39 46 
28 35 39 40 46 95 
1 28 39 
1 28 39 40 76 
28 39 46 
39 46 
39 46 
39 46 
28 39 40 227 
35 39 95 
35 95 
39 46 
35 39 95 
27 31 34 187 
31 34 187 
27 31 34 187 
31 34 187 
34 187 
24 27 34 187 
27 34 187 
27 31 34 187 
34 187 
34 187 
27 31 34 187 
34 187 
27 31 34 187 
34 187 
27 31 34 187 
34 187 
25 27 34 187 
34 187 
34 187 
34 187 
27 31 34 187 
27 31 34 187 
27 34 187 
27 31 34 187 
24 34 187 
27 31 34 187 
34 187 
34 187 
27 31 34 187 
24 27 31 34 187 
27 31 34 187 
35 39 40 
3 27 31 35 46 76 269 
28 35 39 95 227 319 
35 227 
35 39 
39 46 
35 39 
39 95 
35 46 352 
11 28 39 40 
28 35 39 353 
39 48 
28 35 
35 46 
28 39 
35 146 175 
39 46 
28 39 46 
3 39 
25 27 28 32 39 
3 46 172 
39 95 
39 160 
11 46 259 
11 39 
35 46 
39 95 228 355 
39 46 
39 228 355 
39 46 
35 39 
28 39 
39 48 356 
39 46 
28 39 48 357 
39 46 172 
24 39 46 94 
39 46 
24 34 187 
24 27 31 34 187 
24 27 31 34 187 
24 27 31 34 187 
24 27 31 34 187 
24 27 31 34 187 
27 31 34 187 
25 31 34 187 
27 31 34 187 
24 27 31 34 187 
24 34 187 
24 27 31 34 187 
24 34 187 
34 187 235 
24 27 31 34 187 
34 187 
34 187 
34 187 
34 187 
27 31 34 187 
34 187 
34 187 
24 27 31 34 187 
24 27 31 34 187 
22 24 27 34 187 
34 187 
24 34 187 
24 27 34 187 
27 31 34 187 
25 27 31 34 187 
28 39 
28 39 
28 39 
39 46 
35 39 355 358 
35 39 
28 35 39 48 
28 39 
28 39 
39 46 
39 46 
28 39 
39 146 175 
24 27 35 39 359 
25 27 28 31 34 39 
25 27 32 34 37 39 
34 41 
34 41 
11 41 
24 25 27 28 32 34 39 
11 46 
28 76 
28 39 76 
28 39 
11 235 299 
28 39 271 
11 28 39 
11 28 35 39 
28 39 
11 28 39 
28 39 
28 39 
28 39 
39 95 355 
24 39 94 
24 27 34 187 
24 27 34 187 
27 34 187 
27 31 34 187 
27 34 187 
27 34 187 
27 31 34 187 
24 27 34 187 
24 27 34 187 
27 31 34 187 
27 34 187 
27 34 187 
27 31 34 187 
22 27 34 187 
27 31 34 187 
27 31 34 187 
27 34 187 
24 27 34 187 
22 24 27 34 187 
24 27 31 34 187 
24 27 34 187 
24 27 31 34 187 
24 27 31 34 187 
24 27 34 187 
24 27 34 187 
24 27 34 187 260 
22 24 27 34 187 
24 27 34 187 
24 27 34 187 
24 27 34 187 
24 27 34 187 
22 25 27 32 39 
28 35 
28 39 
11 28 35 39 46 271 
28 35 
28 35 
28 39 
28 39 
28 35 
28 39 
28 35 39 
24 27 28 34 35 41 
25 27 34 35 
24 27 35 
22 24 27 35 
24 27 32 34 35 41 
24 27 32 35 
24 27 34 35 41 
24 27 28 35 
24 25 27 32 35 
24 27 32 35 
25 27 34 35 
26 27 34 35 225 
28 39 
39 76 
35 39 95 361 
28 39 
28 39 
39 95 228 
39 95 
35 39 
39 48 
35 39 95 361 
39 95 
39 363 
28 35 39 
35 39 
19 35 
95 227 
35 95 361 
28 39 95 
28 35 95 
11 28 35 39 
35 39 95 361 
28 39 
28 39 
95 228 
28 35 364 
27 34 187 
34 187 
27 31 34 187 
34 187 
22 24 27 34 187 
34 187 
27 31 34 187 
34 187 
27 34 187 
34 187 
22 27 32 34 187 
34 187 
27 34 187 
34 187 
27 34 187 
34 187 
27 31 34 187 
34 187 
27 31 34 187 
34 187 
27 34 187 
34 187 
27 34 187 
34 187 
22 27 34 187 
34 187 
27 34 187 
34 187 
27 31 34 187 
34 187 
22 27 34 187 
34 187 
27 34 187 
34 187 
27 34 187 
34 187 
27 34 187 
34 187 
27 34 187 
34 187 
27 34 187 
34 187 
27 34 187 
34 187 
27 34 187 
34 187 
27 34 187 
34 187 
24 27 32 34 187 
34 187 
22 27 34 187 
34 187 
27 34 187 
34 187 
24 27 34 187 
1 34 68 187 
27 34 187 
34 68 187 
27 31 34 187 
34 41 68 187 
35 40 
28 39 46 95 
28 35 95 227 
28 35 39 94 
35 366 
39 40 95 
28 34 41 
28 367 
28 34 46 367 
28 367 
28 367 
95 121 128 
28 39 46 95 
28 39 367 
28 39 
35 40 
35 368 
46 95 358 
35 39 76 95 228 
35 76 95 228 
1 3 46 369 
3 28 138 
175 369 
95 228 
95 228 
24 25 27 31 95 
11 68 95 228 
28 76 370 
28 35 371 
11 95 
28 35 39 
27 37 42 95 
135 360 372 
11 28 
11 28 46 172 
39 68 
11 68 
11 68 
68 95 
39 68 
3 35 
39 68 95 
39 68 
27 32 34 187 
34 187 
31 34 187 
34 187 
34 187 
34 187 
31 34 187 
34 187 
31 34 187 
34 187 
31 34 187 
34 187 
34 187 
34 187 
34 187 
34 187 
34 187 
34 187 
34 187 
34 187 
34 187 
34 187 
34 187 
34 187 
27 31 34 187 
34 187 
34 187 
34 187 
34 187 
34 187 
27 31 34 187 
34 187 
34 187 
34 187 
34 187 
34 187 
34 187 
34 187 
34 187 
34 187 
27 31 34 187 
34 187 
34 187 
34 187 
34 187 
34 187 
34 187 
34 187 
34 187 
34 187 
34 187 
34 187 
34 187 
34 187 
34 187 
34 187 
34 187 
34 187 
27 31 34 187 
34 187 
34 187 
34 187 
28 39 
28 39 
28 39 
39 68 
39 68 
39 40 46 76 259 
175 373 
39 128 
35 39 374 
24 27 374 
11 374 
39 95 
28 39 
28 76 
39 95 228 
39 95 375 
28 39 
28 39 
24 25 27 28 31 34 
28 39 
28 39 
28 39 
1 28 35 39 129 
34 187 
34 187 
24 34 187 
34 187 
27 31 34 187 
34 187 
34 187 
34 187 
27 31 34 187 
34 187 
34 187 
34 187 
27 31 34 187 
34 187 
25 27 34 187 
34 187 
27 31 34 187 
34 187 
22 27 34 187 
34 187 
24 27 31 34 187 
34 187 
24 34 187 
34 187 
34 187 
34 187 
22 27 34 187 
34 187 
34 187 
34 187 
22 27 34 187 
34 187 
27 32 34 187 
34 187 
27 31 34 187 
34 187 
27 31 34 187 
34 187 
34 187 
34 187 
22 27 34 187 
34 187 
27 34 187 
34 187 
34 187 
34 187 
34 187 
34 187 
34 187 
34 187 
22 34 187 
34 187 
34 187 
34 187 
22 27 34 187 
34 187 
34 187 
34 187 
34 187 
34 187 
31 34 187 
34 187 
28 35 
24 28 39 94 
46 131 
28 95 
28 35 46 95 121 271 375 
46 146 175 
39 95 121 375 
39 95 121 375 
46 95 375 
11 28 39 46 121 375 
35 39 46 121 375 
28 46 
24 25 27 28 31 44 
28 39 
35 40 
28 138 
35 76 
39 46 121 
39 46 
39 95 
27 34 187 
34 187 
31 34 187 
34 187 
34 187 
34 187 
34 187 
34 187 
34 187 
34 187 
34 187 
34 187 
34 187 
34 187 
27 34 187 
34 187 
34 187 
34 187 
27 34 187 
34 187 
34 187 
34 187 
34 187 
34 187 
27 34 187 
34 187 
27 34 187 
34 187 
27 34 187 
34 187 
27 34 187 
34 187 
27 34 187 
34 187 
27 34 187 
34 187 
27 34 187 
34 187 
22 27 34 187 
34 187 
27 34 187 
34 187 
27 34 187 
34 187 
27 34 187 
34 187 
24 34 187 
34 187 
27 34 187 
34 187 
27 34 187 
34 187 
27 34 187 
34 187 
34 187 
34 187 
27 34 187 
34 187 
34 187 
34 187 
25 26 27 28 31 
24 25 27 28 34 39 
28 379 
24 25 27 28 34 37 39 380 
24 25 27 28 
28 39 
39 46 
28 46 94 95 
24 26 28 94 
28 39 46 
1 46 316 
46 175 
28 39 46 
28 39 46 259 381 
39 46 
28 46 
11 35 46 95 
19 46 
19 46 
26 28 94 
39 95 
11 39 
39 95 
28 39 
24 25 27 28 39 
28 39 
28 39 40 
28 39 375 
11 28 39 
24 28 39 
28 40 
34 187 
22 24 27 34 187 
34 187 
34 187 
34 187 
24 27 34 187 
27 34 187 
34 187 
27 31 34 187 
27 32 34 187 
34 187 
34 187 
34 187 
24 34 187 
22 27 34 187 
34 187 
27 34 187 
34 187 
34 187 
34 187 
22 27 34 187 
34 187 
34 187 
34 187 
22 24 27 34 187 
22 27 34 187 
22 27 34 187 
22 34 187 
22 27 34 187 
22 24 27 31 34 187 
22 27 34 187 
39 375 
28 39 375 
375 384 
28 375 
1 28 39 
1 28 39 94 
28 39 
24 25 28 31 34 39 94 212 385 
28 39 94 
28 39 
39 46 
28 39 
28 39 
28 39 
28 39 
28 39 94 
28 39 
28 39 66 
22 27 34 187 
22 27 34 187 
31 34 187 
27 34 187 
27 34 187 
27 34 187 
34 187 
34 187 
24 27 31 34 187 
34 187 
25 27 34 187 
34 187 
24 34 187 
34 187 
34 187 
24 34 187 
22 24 27 34 187 
24 34 187 
24 34 187 
24 34 187 
24 34 187 
24 34 187 
24 34 187 
22 24 27 34 187 
24 34 187 
24 34 187 
24 34 187 
24 27 34 187 
24 27 34 187 
22 24 27 34 187 
28 39 
28 39 66 
39 95 
3 28 48 66 
28 39 
3 28 39 
39 94 
39 48 95 
28 39 
39 40 
28 39 
24 25 31 39 48 94 
28 39 
34 187 
34 187 
34 187 
31 34 187 
24 27 31 34 187 
34 187 
34 187 
24 31 34 187 
34 187 
27 34 187 
22 27 34 187 
34 187 
22 27 34 187 
34 187 
24 34 187 
24 34 187 
24 34 187 
24 34 187 
24 34 187 
24 34 187 
22 24 27 34 187 
24 34 187 
24 34 187 
24 34 187 
22 24 27 34 187 
22 24 27 34 187 
22 24 27 34 187 
22 24 27 34 187 
24 34 187 
22 24 27 34 187 
24 34 187 
39 94 
24 39 94 
24 27 39 
24 25 27 28 32 39 
28 39 
31 34 187 
27 32 34 187 
34 187 
34 187 
34 187 
34 187 
34 187 
31 34 187 
25 27 34 187 
34 187 
27 34 187 
34 187 
34 187 
34 187 
34 187 
34 187 
31 34 187 
22 27 34 187 
34 187 
27 32 34 187 
34 187 
34 187 
31 32 34 187 
22 27 34 187 
22 27 34 187 
22 27 34 187 
22 27 34 187 
24 34 187 
24 34 187 
24 34 187 
24 34 187 
11 39 68 260 388 
39 68 
39 172 267 
28 39 
39 229 
39 40 68 229 254 
39 68 
27 34 39 229 287 389 
39 48 229 
24 39 94 
39 94 229 
34 187 
34 187 
34 187 
34 187 
34 187 
34 187 
27 34 187 
34 187 
34 187 
34 187 
34 187 
34 187 
22 27 34 187 
34 187 
34 187 
34 187 
34 187 
22 27 34 187 
34 187 
27 34 187 
34 187 
34 187 
22 27 34 187 
22 27 34 187 
27 34 187 
22 27 34 187 
25 27 34 187 
34 187 
28 39 40 
28 39 40 
24 25 27 31 34 39 44 
24 25 27 28 
39 94 390 
39 94 
24 27 39 261 
24 27 39 
39 40 94 
28 39 
39 46 
28 39 
28 39 
28 46 
27 28 39 389 
24 39 94 390 
28 39 
28 39 
25 34 39 94 260 287 
39 376 
27 34 41 344 
34 187 
27 34 187 
27 34 187 
34 187 
27 34 187 
34 187 
27 34 187 
27 32 34 187 
34 187 
22 27 34 187 
34 187 
34 187 
34 187 
34 187 
34 187 
27 32 34 187 
34 187 
25 34 187 
34 187 
34 187 
25 27 34 187 
25 27 34 187 
25 27 34 187 
34 187 
25 27 34 187 
22 27 34 187 
31 34 187 
34 187 
22 25 27 34 187 
25 34 187 
22 24 25 27 34 187 
39 94 390 391 
39 172 
39 95 
28 39 
39 94 
39 393 
39 46 
39 172 
28 39 
28 39 
28 39 
28 39 
28 39 
28 39 
28 34 39 94 171 287 390 
28 39 
25 27 28 39 79 390 
28 39 
28 39 146 175 
24 25 27 39 109 
22 27 34 187 
25 27 34 187 
34 187 
34 187 
27 34 187 
25 27 34 187 
27 34 187 
24 27 34 187 
27 34 187 
25 27 32 34 187 
22 27 34 44 187 
27 34 187 
22 27 34 187 
22 24 25 27 34 187 
22 27 34 187 
32 34 187 
22 27 31 34 187 
22 27 34 187 
34 187 
34 187 
22 27 34 187 396 
22 27 34 187 
22 27 34 187 
22 27 34 187 
22 27 34 187 
22 27 34 187 
27 32 34 187 
22 27 34 187 
22 27 34 187 
22 27 34 187 
28 39 
48 397 
28 39 
24 25 31 34 39 41 46 94 109 398 
28 39 40 
28 39 
28 39 
28 39 109 
28 39 
45 109 209 
45 400 
22 25 27 34 187 401 
22 25 27 34 68 187 
34 68 187 
27 34 187 401 
34 68 187 
25 27 34 68 187 
34 68 187 
25 27 34 68 187 
27 34 187 401 
22 25 27 34 187 401 
22 25 27 34 187 401 
25 27 32 34 68 187 
22 25 27 34 68 187 
22 25 27 34 187 401 
22 27 34 187 401 
34 68 187 
27 34 187 401 
27 34 187 401 
27 32 34 68 187 
27 32 34 187 401 
22 27 34 68 187 
22 27 34 187 401 
22 27 34 187 401 
27 34 187 401 
27 34 187 401 
27 34 187 401 
27 34 187 401 
34 68 187 
22 27 34 187 401 
27 34 187 401 
25 27 31 34 68 187 
27 39 213 
39 46 
39 94 
28 39 
39 402 
39 402 
27 39 
28 39 40 
28 39 
28 39 
24 39 94 390 403 
28 39 
28 39 
24 25 27 28 32 34 
28 39 40 
24 25 31 39 94 246 
24 27 28 39 
24 27 28 32 34 
24 27 28 34 
24 27 28 32 34 
28 31 
27 28 31 34 
28 31 34 
28 31 34 
28 31 34 
27 28 31 34 
28 31 34 
28 31 34 
28 34 
28 31 34 
27 28 34 44 
28 34 287 
28 31 34 
25 27 28 
22 25 27 28 79 
24 25 27 28 
24 25 27 28 79 
24 25 27 28 79 
24 25 27 28 79 
39 95 
28 39 
39 95 
28 39 
22 24 27 28 34 
24 28 31 34 
24 28 31 34 
24 28 34 
24 28 31 34 
24 28 34 
28 39 
28 39 95 
28 39 
28 39 
28 31 34 
28 31 34 
22 27 28 31 34 
22 27 28 31 34 
22 27 28 31 34 
22 27 28 31 34 
22 27 28 31 34 
22 27 28 31 34 
22 27 28 31 34 
22 27 28 31 34 
22 27 28 31 34 
25 27 28 31 34 
28 39 
28 35 
39 406 
28 39 40 
28 39 
28 35 
28 39 
28 39 
28 39 
28 39 68 
27 28 39 367 
28 39 367 
28 39 367 
45 407 
28 39 
28 39 
28 39 
28 39 
28 39 
24 27 28 34 
22 27 28 31 34 
22 27 28 31 34 
22 24 25 27 28 34 
27 28 34 
28 39 
28 39 
39 94 
31 34 68 95 
39 95 
39 95 408 
24 25 27 31 37 39 95 
28 39 
39 40 
40 169 
39 169 
22 27 31 34 187 401 
25 27 31 34 187 401 
22 25 27 31 34 187 401 
27 34 187 401 
22 25 27 34 187 401 
25 27 31 34 187 401 
27 34 187 401 
27 31 34 187 401 
27 34 187 401 
22 25 27 34 187 401 
22 25 27 34 44 187 401 
22 25 27 34 187 287 401 
22 27 34 44 187 401 
22 24 27 31 34 187 401 
25 27 31 34 187 401 
27 34 187 401 
27 31 34 187 401 
27 34 187 401 
27 34 187 401 
27 31 34 187 401 
27 34 187 401 
27 31 34 187 401 
27 34 187 401 
22 25 27 31 34 187 401 
25 27 31 34 187 401 
27 31 34 187 401 
25 27 31 34 187 401 
22 25 27 34 187 401 
25 27 34 187 401 
22 24 27 187 401 
25 27 31 34 187 401 
28 39 
45 407 409 
39 169 
28 39 
39 95 169 
40 95 169 
39 40 
39 40 169 
24 39 
39 94 
39 95 169 
27 31 34 187 401 
27 28 34 187 
28 31 34 187 
24 28 31 34 187 
28 31 34 187 
28 31 34 187 
22 24 25 27 28 31 34 187 
25 28 31 34 187 
24 25 28 31 34 187 
22 25 27 28 31 34 187 344 
25 27 28 34 187 287 344 
27 28 34 187 
27 28 34 187 
22 25 27 28 31 34 187 
25 27 28 31 34 187 
25 27 28 31 34 187 
25 27 28 31 34 187 
27 28 34 187 
28 31 34 187 
27 28 34 187 
27 28 31 34 187 
28 31 34 187 
28 31 34 187 
28 31 34 187 
28 31 34 187 
27 28 34 187 
28 31 34 187 
27 28 31 34 187 
25 28 31 34 187 
25 28 31 34 187 
169 225 
22 27 169 
57 412 
28 39 
28 39 
28 39 
28 40 
22 24 25 27 28 31 34 187 401 
22 24 25 27 28 34 187 401 
24 25 27 28 32 34 187 401 
28 39 
287 413 
287 413 
24 27 34 344 
28 39 40 
28 39 
25 27 31 34 187 401 
27 31 34 187 401 
27 31 34 187 401 
25 27 31 34 187 401 
27 31 34 187 401 
22 25 27 31 34 37 187 
27 31 34 187 401 
25 27 31 34 187 401 
27 31 34 44 187 401 
22 27 34 44 187 401 
27 31 32 34 44 187 401 
22 27 31 34 187 401 
25 27 31 34 187 401 
22 25 27 31 34 187 401 
26 27 31 34 187 401 
22 27 31 34 187 401 
26 27 31 34 187 401 
25 27 31 34 187 401 
25 27 31 34 187 401 
22 25 27 31 34 187 401 
22 27 31 34 187 401 
25 26 27 31 34 187 401 
26 27 34 187 401 
22 25 26 27 31 34 187 401 
26 27 31 34 187 401 
22 26 27 31 34 187 401 
25 26 27 31 34 187 401 
22 25 26 27 31 34 187 401 
26 27 31 34 187 401 
25 26 27 31 34 187 401 
28 39 
39 48 95 
28 39 
28 39 40 
28 39 40 415 
28 39 
27 28 39 48 260 
28 39 
24 27 28 39 48 213 
28 39 
28 39 
28 39 
28 39 
28 39 40 
28 39 
28 39 
28 39 94 260 
22 25 27 34 187 401 
22 25 27 34 187 401 
25 27 34 187 401 
25 27 34 187 401 
25 27 34 187 401 
25 27 34 187 401 
25 27 34 187 401 
25 27 34 187 401 
22 25 27 34 187 401 
22 25 27 34 187 401 
22 25 27 34 187 401 
22 25 27 34 187 401 
22 25 27 34 187 401 
27 34 187 401 
22 25 27 34 187 401 
22 25 27 34 187 401 
25 27 34 187 401 
25 27 34 187 401 
25 27 34 187 401 
25 27 34 187 401 
25 27 32 34 187 401 
22 25 27 32 34 187 401 
25 27 32 34 187 401 
25 27 34 187 401 
25 27 34 187 401 
25 27 34 187 401 
25 27 34 187 401 
25 27 34 187 401 
27 34 187 401 
28 39 
22 24 27 28 34 
27 28 39 416 
39 168 
28 39 
27 28 
203 412 417 
236 418 
28 40 66 
28 39 
28 39 
25 27 34 39 
28 39 
25 27 32 34 187 401 
25 27 32 34 187 401 
25 27 32 34 187 401 
25 27 34 187 401 
25 27 32 34 187 401 
25 27 32 34 187 401 
25 27 34 187 401 
22 25 27 34 187 401 
25 27 32 34 187 401 
25 27 34 187 389 401 
25 27 34 187 401 
25 27 34 187 401 
22 25 27 34 187 401 
25 27 34 187 401 
25 27 34 187 401 
22 25 27 34 187 401 
25 27 34 187 401 
22 25 27 34 187 389 401 
25 27 34 187 401 
22 25 27 34 187 401 
25 27 34 187 401 
22 24 25 27 31 34 187 401 
25 27 34 187 401 
25 27 31 34 187 401 
22 25 27 34 187 401 
22 24 25 27 31 34 187 401 
25 27 32 34 187 401 
22 25 27 34 187 401 
24 25 27 34 187 401 
25 27 34 187 401 
28 39 
25 27 28 32 34 
28 39 
28 39 
25 28 39 
28 39 
24 25 27 28 32 34 39 212 260 
24 25 28 31 39 94 
28 39 68 419 
28 39 
28 39 
24 25 27 28 31 
27 28 182 
28 39 
39 420 
22 25 27 28 34 344 
24 25 28 34 344 421 
24 25 27 28 32 34 
28 39 48 94 
39 168 
28 34 
28 39 
28 34 
28 34 68 
24 27 28 79 
24 27 28 79 
24 27 28 79 
24 27 28 79 
24 27 28 79 
24 27 28 
24 25 27 28 32 
24 25 26 27 28 34 
24 25 27 28 
24 27 28 32 
24 26 27 28 32 34 344 
24 25 27 28 32 34 
24 25 26 27 28 32 34 
24 25 26 27 28 32 34 
22 24 25 26 27 28 32 34 68 
25 27 28 34 
25 27 28 32 34 
25 27 28 34 
25 27 28 34 
25 27 28 34 
25 27 28 34 
25 27 28 34 
25 27 28 34 
25 27 28 34 
25 27 28 34 
25 27 28 34 
28 39 
28 39 
24 27 28 32 34 44 
28 39 
25 27 28 34 
25 27 28 31 32 34 
25 27 28 34 
25 27 28 34 
24 25 27 28 34 
24 25 27 28 31 34 
22 24 25 27 28 34 
24 25 27 28 31 34 
22 24 25 27 28 34 
22 24 25 27 28 31 34 
28 39 
24 25 27 28 34 
24 25 27 28 34 
22 24 25 27 28 32 34 
24 25 27 28 32 34 
24 25 27 28 34 
24 25 27 28 34 
24 25 27 28 34 
22 24 25 27 28 34 246 
24 25 27 28 34 
24 25 27 28 34 
22 24 25 27 28 34 246 
22 24 25 27 28 34 
25 27 39 260 
28 39 
28 39 94 
24 25 27 28 34 
24 25 27 28 34 
24 25 27 28 34 
22 24 25 27 28 34 
24 25 27 28 34 
24 25 27 28 34 
22 24 25 27 28 34 
24 25 27 28 34 
24 25 27 28 32 34 
24 25 27 28 34 
22 24 25 27 28 34 
39 172 267 402 
24 28 
22 24 27 28 32 
24 28 
24 27 28 
39 94 
45 424 
22 24 27 31 34 246 
28 39 
